2010 6 15 23 19 2e+001   1
2010 6 15 23 21 2e+000   1
2010 6 15 23 23 3e+001   1
2010 6 15 23 25 5e+001   1
2010 6 15 23 28 1e+000   1
2010 6 15 23 30 5e+000   1
2010 6 15 23 31 3e+001   1
2010 6 15 23 32 7e+000   1
2010 6 15 23 35 4e+001   1
2010 6 15 23 38 3e+001   1
2010 6 15 23 39 8e+000   1
2010 6 15 23 41 4e+001   1
2010 6 15 23 44 7e+000   1
2010 6 15 23 46 2e+001   1
2010 6 15 23 46 5e+001   1
2010 6 15 23 48 3e+001   1
2010 6 15 23 49 6e+001   1
2010 6 15 23 51 5e+001   1
2010 6 15 23 53 2e+001   1
2010 6 15 23 54 2e+001   1
2010 6 15 23 55 3e+001   1
2010 6 15 23 57 7e+000   1
2010 6 15 23 58 2e-001   1
2010 6 16 0 0 2e+000   1
2010 6 16 0 0 4e+001   1
2010 6 16 0 1 2e+001   1
2010 6 16 0 2 4e+001   1
2010 6 16 0 4 2e+001   1
2010 6 16 0 4 5e+001   1
2010 6 16 0 5 3e+001   1
2010 6 16 0 7 3e+001   1
2010 6 16 0 9 3e+001   1
2010 6 16 0 10 5e+001   1
2010 6 16 1 35 6e+001   1
2010 6 16 1 36 3e+001   1
2010 6 16 1 37 4e+000   1
2010 6 16 1 37 4e+001   1
2010 6 16 1 38 9e+000   1
2010 6 16 1 38 4e+001   1
2010 6 16 1 39 1e+001   1
2010 6 16 1 39 4e+001   1
2010 6 16 1 40 2e+001   1
2010 6 16 1 40 5e+001   1
2010 6 16 1 41 3e+001   1
2010 6 16 1 41 5e+001   1
2010 6 16 1 42 2e+001   1
2010 6 16 1 42 5e+001   1
2010 6 16 1 43 2e+001   1
2010 6 16 1 43 6e+001   1
2010 6 16 1 44 2e+001   1
2010 6 16 1 44 5e+001   1
2010 6 16 1 45 3e+001   1
2010 6 16 1 45 6e+001   1
2010 6 16 1 46 3e+001   1
2010 6 16 1 47 2e+000   1
2010 6 16 1 47 3e+001   1
2010 6 16 1 48 7e+000   1
2010 6 16 1 48 4e+001   1
2010 6 16 1 49 2e+001   1
2010 6 16 1 49 5e+001   1
2010 6 16 1 50 2e+001   1
2010 6 16 1 50 5e+001   1
2010 6 16 1 51 3e+001   1
2010 6 16 1 51 6e+001   1
2010 6 16 1 52 3e+001   1
2010 6 16 1 52 4e+001   1
2010 6 16 12 17 6e+001   1
2010 6 17 0 54 9.438000e+000   0
2010 6 17 1 2 6.282000e+000   0
2010 6 17 1 15 7.040000e-001   0
2010 6 17 1 19 5e+001   1
2010 6 17 1 21 3e+001   1
2010 6 17 2 0 4e+001   1
2010 6 17 2 26 6e+001   1
2010 6 17 14 17 1.418800e+001   0
2010 6 17 14 17 2e+001   0
2010 6 17 14 24 2e+001   1
2010 6 17 14 28 4e+000   1
2010 6 18 14 5 1e+001   1
2010 6 19 14 21 2e+001   1
2010 6 26 13 24 5.073800e+001   0
2010 6 26 13 24 5e+001   0
2010 6 26 15 23 5.412800e+001   0
2010 6 26 15 23 6e+001   0
2010 6 26 15 27 4e+001   1
2010 6 26 15 31 6e+001   1
2010 6 26 20 41 2e+001   1
2010 6 28 14 9 5.058100e+001   0
2010 6 28 14 9 5e+001   0
2010 6 28 14 24 5.609700e+001   0
2010 6 28 14 24 6e+001   0
2010 6 28 14 40 1.980000e+001   0
2010 6 28 14 40 2e+001   0
2010 6 28 14 47 2e+001   1
2010 6 30 12 43 2e+001   1
2010 6 30 12 53 4.296000e+001   0
2010 6 30 12 53 4e+001   0
2010 6 30 12 54 3.420200e+001   0
2010 6 30 12 54 4e+001   0
2010 6 30 12 57 5e+001   1
2010 6 30 13 5 1e+001   1
2010 6 30 13 7 4e+001   1
2010 6 30 13 14 6e+000   1
2010 6 30 13 18 4e+001   1
2010 6 30 13 24 3e+001   1
2010 6 30 13 34 5.152900e+001   0
2010 6 30 13 34 6e+001   0
2010 7 5 17 44 3e+001   1
2010 7 5 17 46 3e+001   1
2010 7 9 2 22 4.420300e+001   0
2010 7 9 2 22 5e+001   0
2010 7 9 2 27 51   1
2010 8 18 12 18 4e+001   1
2010 8 18 12 26 6e+000   1
2010 8 18 18 28 5e+001   1
2010 8 18 19 2 5e+001   1
2010 8 20 13 16 5e+001   1
2010 10 25 15 45 3.837500e+001   0
2010 10 25 15 48 5.875600e+001   0
2010 10 28 22 53 4.265000e+000   0
2010 10 28 22 54 2.686500e+001   0
2010 10 28 22 55 2.612000e+001   0
2010 10 28 22 56 4.726800e+001   0
2010 10 28 22 58 8.379000e+000   0
2010 10 28 22 59 3.560000e+000   0
2010 10 28 22 59 4.001400e+001   0
2010 10 28 23 1 7.453000e+000   0
2010 10 28 23 2 4.597200e+001   0
2010 10 28 23 3 2.458600e+001   0
2010 10 28 23 4 4.668500e+001   0
2010 10 28 23 6 1.454000e+001   0
2010 10 28 23 7 4.093800e+001   0
2010 10 28 23 8 1.907600e+001   0
2010 10 28 23 9 4.025300e+001   0
2010 10 28 23 10 5.380700e+001   0
2010 10 28 23 12 1.735900e+001   0
2010 10 28 23 13 1.583500e+001   0
2010 10 28 23 14 2.033000e+001   0
2010 10 28 23 15 2.156700e+001   0
2010 10 28 23 17 7.333000e+000   0
2010 10 28 23 17 4.387700e+001   0
2010 10 28 23 19 2.980700e+001   0
2010 10 28 23 20 7.843000e+000   0
2010 10 28 23 20 4.704000e+001   0
2010 10 28 23 21 4.497300e+001   0
2010 10 28 23 23 1.927700e+001   0
2010 10 28 23 23 5.469600e+001   0
2010 10 28 23 24 3.353400e+001   0
2010 10 28 23 26 2.894500e+001   0
2010 10 28 23 27 5.998700e+001   0
2010 10 28 23 29 1.141800e+001   0
2010 10 28 23 40 8.707000e+000   0
2010 10 28 23 40 4.399300e+001   0
2010 10 28 23 41 1.927300e+001   0
2010 10 28 23 41 5.508900e+001   0
2010 10 28 23 42 2.960600e+001   0
2010 10 28 23 43 4.888000e+000   0
2010 10 28 23 43 4.130500e+001   0
2010 10 28 23 44 1.834800e+001   0
2010 10 28 23 44 5.767100e+001   0
2010 10 28 23 45 3.668200e+001   0
2010 10 28 23 46 9.869000e+000   0
2010 10 28 23 46 4.612600e+001   0
2010 10 28 23 47 2.358000e+001   0
2010 10 28 23 48 3.280000e-001   0
2010 10 28 23 48 3.852100e+001   0
2010 10 28 23 49 5.075000e+000   0
2010 10 28 23 49 4.164100e+001   0
2010 10 28 23 50 1.805800e+001   0
2010 10 28 23 50 5.522200e+001   0
2010 10 28 23 51 3.170500e+001   0
2010 10 28 23 52 9.462000e+000   0
2010 10 28 23 52 4.555200e+001   0
2010 10 28 23 53 2.340700e+001   0
2010 10 28 23 54 1.315000e+000   0
2010 10 28 23 54 3.852600e+001   0
2010 10 28 23 55 1.677700e+001   0
2010 10 28 23 55 5.155300e+001   0
2010 10 28 23 56 2.817200e+001   0
2010 10 28 23 57 4.866000e+000   0
2010 10 28 23 57 4.189000e+001   0
2010 10 28 23 58 1.826900e+001   0
2010 10 28 23 58 4.155900e+001   0
2010 10 29 21 46 5e+001   1
2010 10 29 21 47 4e+001   1
2010 10 29 21 48 4e+001   1
2010 10 29 21 49 3e+001   1
2010 10 29 21 50 3e+001   1
2010 10 29 21 51 2e+001   1
2010 10 29 21 52 2e+001   1
2010 10 29 21 53 2e+001   1
2010 10 29 21 54 1e+001   1
2010 10 29 21 55 1e+001   1
2010 10 29 21 55 4.287900e+001   0
2010 10 29 21 56 4e+001   1
2010 10 29 21 57 4e+001   1
2010 10 29 21 58 4e+001   1
2010 10 29 21 59 3e+001   1
2010 10 29 21 59 5.769000e+001   0
2010 10 29 22 0 5e+001   1
2010 10 29 22 1 5e+001   1
2010 10 29 22 2 5e+001   1
2010 10 29 22 3 4e+001   1
2010 10 29 22 4 5e+001   1
2010 10 29 22 5 5e+001   1
2010 10 29 22 6 5e+001   1
2010 10 29 22 7 2.934000e+001   0
2010 10 29 22 8 3e+001   1
2010 10 29 22 9 3e+001   1
2010 10 29 22 10 5.647000e+000   0
2010 10 29 22 10 4.190400e+001   0
2010 10 29 22 11 4e+001   1
2010 10 29 22 12 4e+001   1
2010 10 29 22 13 3e+001   1
2010 10 29 22 13 5.620600e+001   0
2010 10 29 22 19 5e+001   1
2010 10 29 22 21 1e+001   1
2010 10 29 22 22 4e+001   1
2010 10 29 22 23 2e+001   1
2010 10 29 22 23 5e+001   1
2010 10 29 22 24 3e+001   1
2010 10 29 22 24 4.535800e+001   0
2010 10 29 22 25 5e+001   1
2010 10 29 22 26 3e+001   1
2010 10 29 22 26 3.545900e+001   0
2010 10 29 22 27 3e+001   1
2010 10 29 22 28 5e+000   1
2010 10 29 22 28 4e+001   1
2010 10 29 22 29 3e+001   1
2010 10 29 22 30 5e+000   1
2010 10 29 22 30 2.038900e+001   0
2010 10 29 22 30 5.951600e+001   0
2010 10 29 22 31 5e+001   1
2010 10 29 22 32 3e+001   1
2010 10 31 12 53 3e+001   1
2010 10 31 12 54 2e+001   1
2010 10 31 12 55 5e+000   1
2010 10 31 13 0 4e+001   1
2010 10 31 13 35 9e+000   1
2010 10 31 13 38 3e+001   1
2010 10 31 13 39 5e+001   1
2010 10 31 13 40 3e+001   1
2010 10 31 13 41 5e+001   1
2010 10 31 13 42 2e+001   1
2010 10 31 13 43 2e+001   1
2010 10 31 13 43 4e+001   1
2010 10 31 13 44 8e+000   1
2010 10 31 13 44 3e+001   1
2010 10 31 13 44 6e+001   1
2010 10 31 13 45 2e+001   1
2010 10 31 13 45 5e+001   1
2010 10 31 13 46 2e+001   1
2010 10 31 13 46 5e+001   1
2010 10 31 13 47 2e+001   1
2010 10 31 13 47 2.670700e+001   0
2010 10 31 13 48 1e+001   1
2010 10 31 13 48 4e+001   1
2010 10 31 13 49 1e+001   1
2010 10 31 13 49 4e+001   1
2010 10 31 13 49 4.328500e+001   0
2010 10 31 13 50 3e+001   1
2010 10 31 13 50 6e+001   1
2010 10 31 13 51 3e+001   1
2010 10 31 13 51 5e+001   1
2010 10 31 13 52 2e+001   1
2010 10 31 13 52 5e+001   1
2010 10 31 13 53 1e+001   1
2010 10 31 13 53 3.017200e+001   0
2010 10 31 13 54 2e+001   1
2010 10 31 13 54 5e+001   1
2010 10 31 13 55 1.572000e+000   0
2010 10 31 13 55 3.542400e+001   0
2010 10 31 13 56 2e+001   1
2010 10 31 13 56 5e+001   1
2010 10 31 13 57 2e+001   1
2010 10 31 13 57 1.967900e+001   0
2010 10 31 14 23 2.115300e+001   0
2010 10 31 14 24 2.877100e+001   0
2010 10 31 14 26 1.692900e+001   0
2010 10 31 14 28 1.230300e+001   0
2010 10 31 14 30 1.040000e-001   0
2010 10 31 14 30 5.032000e+001   0
2010 10 31 14 31 1.773000e+001   0
2010 10 31 15 13 3.646000e+000   0
2010 10 31 15 22 2.672000e+000   0
2010 10 31 15 49 5.783300e+001   0
2010 11 16 16 48 5e+001   1
2010 11 16 16 49 6e+001   1
2010 11 16 16 50 5e+001   1
2010 11 16 16 52 2e+001   1
2010 11 16 16 53 3e+001   1
2010 11 16 16 54 2e+001   1
2010 11 16 16 54 5e+001   1
2010 11 16 16 56 2e+001   1
2010 11 16 16 57 3e+001   1
2010 11 16 16 57 6e+001   1
2010 11 16 17 0 2e+001   1
2010 11 16 17 1 4e+001   1
2010 11 16 17 2 1e+001   1
2010 11 16 17 3 2e+001   1
2010 11 16 17 4 4e+001   1
2010 11 16 17 6 2e+001   1
2010 11 16 17 7 7e+000   1
2010 11 16 17 7 5e+001   1
2010 11 16 17 8 5e+001   1
2010 11 16 17 10 2e+001   1
2010 11 16 17 10 5e+001   1
2010 11 16 17 12 4e+000   1
2010 11 16 17 12 5e+001   1
2010 11 16 17 13 4e+001   1
2010 11 16 17 15 9e+000   1
2010 11 16 17 16 2e+001   1
2010 11 16 17 17 4e+001   1
2010 11 22 16 13 6e+001   1
2010 11 22 16 16 5e+000   1
2010 11 22 16 18 3e+001   1
2010 11 22 16 20 6e+001   1
2010 11 22 16 21 3e+001   1
2010 11 22 16 22 1e+001   1
2010 11 22 16 23 3e+001   1
2010 11 22 16 24 6e+001   1
2010 11 22 16 25 5e+001   1
2010 11 22 16 26 2e+001   1
2010 11 22 16 27 4e+001   1
2010 11 22 16 28 5e+001   1
2010 11 22 16 29 2e+001   1
2010 11 22 16 47 4e+001   1
2010 11 22 16 48 1e+001   1
2010 11 22 16 48 4e+001   1
2010 11 22 16 49 4e+000   1
2010 11 22 16 50 2e+001   1
2010 11 22 16 51 3e+001   1
2010 11 22 16 52 6e+001   1
2010 11 22 16 54 1e+001   1
2010 11 22 16 55 2.452000e+000   0
2010 11 22 16 55 2e+000   0
2010 11 22 16 55 5e+001   1
2010 11 22 16 57 2e+001   1
2010 11 22 20 52 2e+001   1
2010 11 22 20 52 4e+001   1
2010 11 22 20 53 6e+000   1
2010 11 22 20 53 3e+001   1
2010 11 22 20 53 5e+001   1
2010 11 22 20 54 2e+001   1
2010 11 22 20 54 4e+001   1
2010 11 22 20 55 1e+001   1
2010 11 22 20 55 2.597800e+001   0
2010 11 22 20 55 3e+001   0
2010 11 22 20 55 5e+001   1
2010 11 22 20 56 2e+001   1
2010 11 22 20 58 2e+001   1
2010 11 22 20 58 5e+001   1
2010 11 22 20 59 1e+001   1
2010 11 22 20 59 4e+001   1
2010 11 22 20 59 6e+001   1
2010 11 22 21 0 3e+001   1
2010 11 22 21 0 5e+001   1
2010 11 22 21 1 2e+001   1
2010 11 22 21 1 4e+001   1
2010 11 22 21 2 1e+001   1
2010 11 22 21 2 3e+001   1
2010 11 22 22 19 3.577900e+001   0
2010 11 22 22 19 4e+001   0
2010 11 22 22 24 3.354500e+001   0
2010 11 22 22 24 3e+001   0
2010 11 22 22 33 9.670000e+000   0
2010 11 22 22 33 1e+001   0
2010 11 22 22 37 3e+001   1
2010 11 22 22 38 1e+001   1
2010 11 23 18 46 9.210000e-001   0
2010 11 23 18 46 1e+001   0
2010 12 1 15 47 5e+001   1
2010 12 1 15 48 6e+001   1
2010 12 1 15 49 4e+001   1
2010 12 1 15 50 4e+001   1
2010 12 1 15 51 4e+001   1
2010 12 1 15 54 5e+001   1
2010 12 1 15 55 2e+001   1
2010 12 1 15 55 6e+001   1
2010 12 1 15 56 3e+001   1
2010 12 1 15 57 5e+000   1
2010 12 1 15 57 6e+001   1
2010 12 1 15 58 5e+001   1
2010 12 1 15 59 5e+001   1
2010 12 1 16 0 4e+001   1
2010 12 1 16 1 2e+001   1
2010 12 1 16 2 8e+000   1
2010 12 1 16 3 2e+000   1
2011 1 7 18 44 9e+000   1
2011 1 7 18 44 6e+001   1
2011 1 7 18 45 3e+001   1
2011 1 7 18 46 6e+000   1
2011 1 7 18 46 4e+001   1
2011 1 7 18 47 2e+001   1
2011 1 7 18 47 5e+001   1
2011 1 7 18 48 4e+001   1
2011 1 7 18 49 2e+001   1
2011 1 7 18 49 6e+001   1
2011 1 7 18 50 4e+001   1
2011 1 7 18 51 1e+001   1
2011 1 7 19 53 9e-001   1
2011 1 7 19 53 4e+001   1
2011 1 7 19 54 2e+001   1
2011 1 7 19 54 5e+001   1
2011 1 7 19 55 2e+001   1
2011 1 7 19 55 6e+001   1
2011 1 7 19 56 4e+001   1
2011 1 7 19 57 2e+001   1
2011 1 7 19 57 6e+001   1
2011 1 7 19 58 3e+001   1
2011 1 7 19 59 1e+001   1
2011 1 7 19 59 5e+001   1
2011 1 10 13 54 4e+001   1
2011 1 10 13 55 5e+001   1
2011 1 10 13 56 5e+001   1
2011 1 10 13 57 5e+001   1
2011 1 10 13 58 6e+001   1
2011 1 10 14 0 2e+001   1
2011 1 10 14 1 3e+001   1
2011 1 10 14 2 4e+001   1
2011 1 10 15 47 4e+001   1
2011 1 10 15 48 4e+001   1
2011 1 10 15 49 4e+001   1
2011 1 10 15 50 4e+001   1
2011 1 10 15 51 5e+001   1
2011 1 10 15 52 6e+001   1
2011 1 10 15 54 7e+000   1
2011 1 10 15 55 2e+001   1
2011 1 10 16 27 5e+001   1
2011 1 10 16 28 5e+001   1
2011 1 10 16 29 5e+001   1
2011 1 10 16 30 5e+001   1
2011 1 10 16 31 5e+001   1
2011 1 10 16 32 5e+001   1
2011 1 10 16 34 6e+000   1
2011 1 10 16 35 2e+001   1
2011 1 10 16 49 3e+001   1
2011 1 10 16 50 3e+001   1
2011 1 10 16 51 4e+001   1
2011 1 10 16 52 5e+001   1
2011 1 10 17 26 3e+001   1
2011 1 10 17 27 3e+001   1
2011 1 10 17 28 4e+001   1
2011 1 10 17 29 5e+001   1
2011 1 10 17 31 1e+000   1
2011 1 10 17 32 1e+001   1
2011 1 10 17 33 2e+001   1
2011 1 10 17 34 3e+001   1
2011 1 10 17 38 6e+001   1
2011 1 10 17 40 3e+001   1
2011 1 10 17 42 3e+001   1
2011 1 10 17 44 2e+001   1
2011 1 10 17 50 4e+001   1
2011 1 10 17 51 4e+001   1
2011 1 10 17 52 6e+001   1
2011 1 10 17 53 5e+001   1
2011 1 10 17 54 5e+001   1
2011 1 10 17 56 9e+000   1
2011 1 10 17 57 3e+001   1
2011 1 10 17 58 4e+001   1
2011 1 10 18 2 4e+001   1
2011 1 10 18 3 4e+001   1
2011 1 10 18 4 6e+001   1
2011 1 10 18 5 6e+001   1
2011 1 10 18 7 1e+000   1
2011 1 10 18 8 1e+001   1
2011 1 10 18 9 2e+001   1
2011 1 10 18 10 3e+001   1
2011 1 10 18 15 6e+001   1
2011 1 10 18 16 6e+001   1
2011 1 10 18 17 5e+001   1
2011 1 10 18 18 5e+001   1
2011 1 10 18 19 6e+001   1
2011 1 10 18 21 4e+000   1
2011 1 10 18 22 9e+000   1
2011 1 10 18 23 2e+001   1
2011 2 1 21 16 3.606200e+001   0
2011 2 1 21 16 4e+001   0
2011 2 1 21 22 6e+001   1
2011 2 1 21 29 6e+001   1
2011 2 1 22 19 4e+000   1
2011 2 1 22 36 6e+001   1
2011 2 2 14 35 2.171800e+001   0
2011 2 2 14 35 2e+001   0
2011 2 2 14 35 3.039000e+001   0
2011 2 2 14 35 3e+001   0
2011 2 2 14 42 3.951500e+001   0
2011 2 2 14 42 4e+001   0
2011 2 2 14 43 2.542100e+001   0
2011 2 2 14 43 3e+001   0
2011 2 2 15 20 1e+001   1
2011 2 2 15 21 2.275000e+001   0
2011 2 2 15 21 2e+001   0
